22 16 82 26
90 104 112 104
103 118 150 113
63 72 54 54
====================
203 174 113 180
131 130 89 144
216 212 190 178
115 115 63 134
====================
79 70 47 84
195 175 121 153
62 76 83 121
180 153 96 144
====================
116 268 238 159
103 133 122 118
126 157 168 125
88 143 182 66
====================
176 141 174 136
152 141 152 83
118 128 116 54
128 116 112 148
====================
98 45 157 105
89 34 111 67
14 55 25 71
48 38 103 84
====================
54 86 108 143
70 90 112 193
62 90 140 176
25 45 69 72
====================
73 100 95 38
54 60 33 33
67 57 45 39
197 209 167 95
====================
102 143 42 107
40 115 10 43
92 26 36 65
147 198 54 119
====================
142 134 98 110
158 173 94 95
73 68 77 98
107 139 109 123
====================
105 39 99 67
170 82 156 90
92 33 110 53
20 3 24 15
====================
36 176 103 124
44 154 83 102
34 138 90 150
7 126 45 109
====================
88 45 134 116
89 65 129 129
43 6 60 67
80 32 167 138
====================
56 71 44 97
49 60 28 99
70 73 76 156
7 15 4 27
====================
138 179 102 143
112 97 15 72
152 221 147 168
190 278 162 218
====================
110 129 92 107
192 188 100 190
84 51 68 75
109 96 65 114
====================
70 120 50 108
25 84 84 39
99 198 140 90
48 103 82 35
====================
54 80 116 57
46 135 118 101
100 181 193 133
82 107 164 75
====================
230 154 111 135
270 163 128 190
264 174 129 196
160 98 94 111
====================
82 110 103 77
93 71 81 35
71 122 110 100
73 132 80 85
====================
149 127 115 154
120 149 136 119
64 63 48 90
124 142 122 103
====================
36 32 56 44
9 51 164 101
0 36 110 66
121 152 219 190
====================
42 48 9 10
99 100 32 44
117 119 48 47
78 68 25 68
====================
90 150 98 79
75 132 94 73
96 150 61 68
54 96 52 70
====================
192 120 80 126
232 192 114 163
162 67 64 78
242 216 130 196
====================
104 148 151 122
77 112 128 88
74 92 101 78
7 19 16 12
====================
51 81 61 101
81 108 80 130
128 139 121 158
134 161 146 186
====================
194 135 105 178
134 45 108 85
252 165 114 201
240 131 129 178
====================
124 75 68 45
96 63 48 33
149 120 62 78
166 128 69 60
====================
96 120 114 73
113 88 135 80
194 160 174 120
147 78 147 88
====================
99 102 97 118
51 51 106 85
15 18 47 38
110 90 92 97
====================
50 47 19 49
50 68 15 48
80 93 35 99
87 123 30 73
====================
131 124 84 193
71 60 54 101
144 160 127 232
68 83 81 121
====================
